PostgreSQL research

FreeBSD、PostgreSQL性能を最大36倍高速化

2014-07-09 15:44:48   查看原文>>

スレッド数  通常のカーネル  パッチ適用済みカーネル
1           5698.41         6378.57
5           33026.72        38513.55
10          26854.85        75916.02
15          11874.05        110696.75
20          9232.19         141171.54
25          7530.54         156066.39
30          6086.78         153771.79
35          5050.99         131141.87
40          3969.86         115945.73
60          2389.97         76474.32
80          1944.68         70179.30

[参考]
1. https://kib.kiev.ua/kib/pgsql_perf.pdf
2. http://news.mynavi.jp/news/2014/06/30/260/
